E = [790.79 109.005 16.4164 11.8563 7.2962 6.38417 6.38417 6.38417 7.2962 6.38417 8.20822];
X = [-28 30 80 2.70616 -0.127857 0.725113;
-25.7485 29.9748 81.2983 2.72048 -0.125458 0.69905;
-26.1144 29.9312 80.1245 2.71058 -0.12652 0.724402;
-25.5138 30.3475 80.4226 2.70787 -0.146735 0.7135;
-26.1024 29.9365 80.2312 2.71009 -0.132926 0.725173;
-26.158 30.2627 80.2543 2.7053 -0.130364 0.723957;
-26.2576 30.1688 80.3216 2.70649 -0.12898 0.725421;
-26.2908 30.0819 80.3321 2.70735 -0.12813 0.726098;
-26.3507 29.8181 80.1707 2.70925 -0.124438 0.729098;
-26.2621 29.9821 80.3448 2.70878 -0.126966 0.726002;
-26.2965 29.8975 80.3567 2.70963 -0.126182 0.726701];
