E = [889.758 896.311 883.159 884.283 893.468 895.807 891.316 884.426 898.457 884.029 898.218];
X = [-43.7863 129.95 59.1582 1.84012 -0.458073 0.827942;
-44.1773 129.865 59.1417 1.84105 -0.459873 0.832861;
-43.7956 129.995 59.1801 1.84033 -0.459148 0.828516;
-43.8703 129.889 59.1795 1.84062 -0.459683 0.829802;
-44.3573 129.767 59.3694 1.84308 -0.458916 0.833333;
-43.7486 129.973 59.2683 1.84089 -0.458615 0.827549;
-44.1752 129.769 59.134 1.84126 -0.458158 0.832068;
-44.0886 129.783 59.162 1.84111 -0.458108 0.831162;
-44.2857 129.826 59.3428 1.84262 -0.460568 0.833605;
-43.4493 130.028 59.2921 1.8403 -0.462347 0.826837;
-44.3772 129.561 59.6964 1.84592 -0.459015 0.832731];
